0000001111000000000000000001111110011
1111110000111111111111111110000000100
1111110000000000000000000001111000100
0000001111111111111111111110000110011
1111110000000000000000000000000001100
0000001111000000000000000000000110011
1111111111111111111111111110000110111
1111111111111111111111111110000110111
1111111111111111111111111110000110111
0000000000000000000000000000000000000
1111111111111111111111111110000110111
1111111111111111111111111100000110111
1111111111111111111111111100000110111
1111111111111111111111111100000110111
1111111111111111111111111100000110111
1111111111111111111111111110000110111
1111111111111111111111111110000110111
1111111111111111111111111110000110111
1111111111111111111111111110000110111
1111111111111111111111111110000110111
1111111111111111111111111110000110111
1111111111111111111111111110000110111
1111111111111111111111111110000110111
1111111111111111111111111110000110111
0000111111111111111111101000000110111
1111110110111111111111000100000000111
1111111111110011111110111100000110111
0000000000000000000000000010000000111
1111111111111111111111111110000110111
1111111111111111111111111110000110111
1111111111111111111111111110000110111
1111111111000000000000000000000110111
0000001111111111111111111110000110011
0000001111111111111111111110000110011
0000001111111111111111111110000110011
0000001111111111111111111110000110011
0000001111111111111111111110000110011
0000001111111111111111111110000110011
0000001111111111111111111110000110011
0000000111111111111111000110000000011
1111110000000000000000000000000000100
1111110000000000000000000000000000100
1111110000000000000000000000000000100
1111110000000000000000000000000000100
1111111111000000000000000000000110111
1111110000111111111111111110000000100
1111110000111111111111111110000000100
1111110000111111111111111110000000100
1111110000111111111111111110000000100
1111110000001111110011101100000000100
1111110000111111111111111110000000100
1111110000111111111111111110000000100
0000110000111111111111101010000000100
0000001111000000000000000000000110011
0000001111000000000000000000000110011
0000001111000000000000000000000110011
0000001111000000000000000000000110011
1111110000000000000000000000000000100
1111110000000000000000000000000000100
1111111111111111111111111110000110111
0000000001001100000011000000000000011
1111110000000000000000000000000000100
0000000000001100000011100000000000000
1111111111111111111111111110000110111
1111000000000000000000000000000000100
1111110000000000000000000000000000100
1111110000000011000000001000000000100
1111110000000011000000001000000000100
0000000000000000000000000000000000000
1111110000000011000000001000000000100
1111110000000011000000001000000000100
1111110000000011000000001000000000100
1111110000000011000000001000000000100
0000001111001100000011100000000110011
0000001111111100111111110110000110011
0000001111111100111111110110000110011
0000000000000000000000000000000000000
0000001111111100111111110110000110011
0000001111111100111111110110000110011
0000001111111100111111110110000110011
0000001111111100111111110110000110011
0000110001001100000001000000000000000
0000110000000011110000000000000000000
0000000001001100001101000000000000000
0000000001001100001101000010000000111
0000000110000000000000100000000000000
0000000110000011110000100000000000000
0000000001001100001101000000000000000
0000000001001100001101000010000000111
0000000001001100001101000010000000111
0000000001001100001101000010000000111
0000000001001100001101000010000000111
0000110110001100001101100010000001000
0000000001001100000001000000000000011
0000000000001100001101000000000000000
0000000001001100001101000000000000111
0000000001001100001101000010000000111
0000000001001100000001000000000000111
0000000001001100001101000000000000011
0000000001001100001101000000000000111
0000000001001100001101000010000000111
0000000001001100001101000010000000111
0000000001001100001101000010000000111
0000000001001100001101000010000000111
0000000001001100001101000010000000111
1111110000000000000000000000000000100
1111110000111111111111111110000000100
0000000000000000000000000000000000000
0000000000000000000000000000000000000
0000001111001100000011100000000110011
0000001111000000000000000000000110011
0000000000000000000000000000000000000
0000000000000000000000000000000000000
0000001111000000000000000000000110011
1111110000000000000000000000000000100
0000000000000000000000000000000000000
1111110000000011000000001000000000100
1111110000000011000000001000000000100
1111110000000011000000001000000000100
1111110000000011000000001000000000100
0000100000000000000000000000000000000
1111110000000011000000001000000000100
1111110000000011000000001000000000100
1111110000000011000000001000000000100
0000001111111100111111110110000110011
0000001111111100111111110110000110011
0000001111111100111111110110000110011
0000001111111100111111110110000110011
0000001100111100001110000000000100011
0000001111111100111111110110000110011
0000001111111100111111110100000110011
0000001111111100111111110110000110011
0000000110000011110000111100000000000
0000110110001100001100000000000000000
0000000110000011110000111100000000100
0000000110000011110000111000000000100
0000000001001100000001000000000000011
0000000001001100001101000000000000011
0000000001000000001100000000000000111
0000000001001100000001000000000000011
1111111111111111111111111100000110111
1111001001111100001111000010000110111
1111111111111111111111111110000110111
1111111111111111111111111110000110111
1111111111111111111111111110000110111
1111111111111111111111111110000110111
1111111111111111111111111110000110111
1111111111111111111111111110000110111
1111111111111111111111111110000110111
1111111111111111111111111110000110111
1111111110111111111110111100000100111
1111111110111111111110111100000100111
1111111111111111111111111100000110111
1111111111111111111111111100000110111
1111111111111111111111111100000110111
1111111111111111111111111100000110111
1111111111111111111111111110000110111
1111111111111111111111111110000110111
1111111111111111111111111110000110111
1111111111111111111111111110000110111
0000000000000000000000000000000000000
0000000000000000000000000000000000000
0000001111111111111111111110101100000
0000001111111111111111111110101100000
0000001111111111111111111110101100000
0000001111111111111111111110101100000
0000001111111111111111111110101100000
0000001111111111111111111110101100000
0000001111111111111111111110101100000
0000001111111111111111111110101100000
0000001111111111111111111110101100000
0000001111111111111111111110101110011
1111110000000000000000000001111001100
1111110000000000000000000000000001100
0000000000000000000000000001111000000
0000000000000000000000000000000000000
1111110000000000000000000001111001100
0000001111000000000000000001111110011
0000001111000000000000000000000110011
0000000000000000000000000001111000000
0000000000000000000000000000000000000
0000001111000000000000000001111110011
1111111111001100000011100000000110111
1111111111001100000011100000000110111
0000000000000000000000000000000000000
1111110000000000000000000000000000100
0000001111001100000011100000000110011
0000110111001111111101111110000001111
0000000000000000000000000000000000000
0000110111001111111101111110000001111
0000000001001100001101000010000000111
0000110110000011110000111100000001000
1111111111111111111111111110000110111
0000000000111111111111111110000000000
0000000000000000000000000000000000000
1111111111111111111111111100000110011
0000000000111111111111111110000000000
1111000000111100111111100010000000100
1111110000111111111111111110000000100
1111110000111111111100011100000000100
1111110000111111111100011100000000100
1111000000111100111111100010000000100
0000001001111111001111000010000110011
0000001111111111111111111110000110011
0000001111111111111111111100000110011
0000001111111111111111111100000110011
0000001001111111001111000010000110011
0000001111111111111111111100000010011
0000001111111111111111111100000110011
0000000000000000000000000000000100011
0000001111111111111111111100000110011
0000000000000000000000000000000000000
0000000000000000000000000010000000111
0000000000000000000000000010000000111
0000000000000000000000000010000000111
0000000000000000000000000010000000111
1111111111111111111111111110000110111
1111111111111111111111111110000110111
1111111111111111111111111110000110111
0000000000000000000000000010000000111
0000000000000000000000000000000000000
1111111111111111111111111110000110111
0000000000000000000000000000000000000
1111111111111111111111111100000110111
0000000000000000000000000000000000000
1111111111111111111111111100000110111
1111111111111111111111111100000110111
0000000000000000000000000000000010011
1111111111000000000000000000000111111
0000000000000000000000000000000000000
0000000000000000000000000000000000000
0000000000000000000000000000000000000
0000000000000000000000000000000000000
0000000000000000000000000000000000000
0000000000000000000000000000000000000
0000000000000000000000000000000000000
0000000000000000000000000000000000000
0000000000000000000000000000000000000
0000000000000000000000000000000000000
0000000000000000000000000000000000000
0000000000000000000000000000000000000
0000000000000000000000000000000000000
0000000000000000000000000000000000000
0000000000000000000000000000000000000
0000000000000000000000000000000000000
0000000000000000000000000000000000000
0000000000000000000000000000000000000
0000000000000000000000000000000000000
0000000000000000000000000000000000000
0000000000000000000000000000000000000
0000000000000000000000000000000000000
0000000000000000000000000000000000000
0000000000000000000000000000000000000
0000000000000000000000000000000000000
0000000000000000000000000000000000000
0000000000000000000000000000000000000
0000000000000000000000000000000000000
0000000000000000000000000000000000000
0000000000000000000000000000000000000
0000000000000000000000000000000000000
0000000000000000000000000000000000000
0000000000000000000000000000000000000
0000000000000000000000000000000000000
0000000000000000000000000000000000000
0000000000000000000000000000000000000
0000000000000000000000000000000000000
0000000000000000000000000000000000000
0000000000000000000000000000000000000
0000000000000000000000000000000000000
1111111111111111111111111100000110111
1111110000111111111111111111010001100
1111110000111111111111111111010001100
1111110000111111111111111111010001100
1111110000111111111111111111010001100
1111110000111111111111111111010001100
1111110000111111111111111111010001100
1111110000111111111111111111010001100
1111110000111111111111111111010001100
0000001111111111111111111110101110011
0000001111111111111111111110101110011
0000001111111111111111111110101110011
0000001111111111111111111110101110011
0000001111111111111111111110101110011
0000001111111111111111111110101110011
0000001111111111111111111110101110011
0000001111111111111111111110101110011
1111111111111111111111111110000110111
1111111111111111111111111110000110111
1111111111111111111111111110000110111
1111111111111111111111111110000110111
0000000000000000000000000000000000000
0000000000000000000000000000000000000
0000000000000000000000000000000000000
0000000000000000000000000000000000000
0000001111000000000000000000000110011
0000001111000000000000000000000110011
0000001111000000000000000000000110011
0000001111000000000000000000000110011
1111110000000000000000000000000000100
1111110000000000000000000000000000100
1111110000000000000000000000000000100
1111110000000000000000000000000000100
0000000000000000000000000000000000100
1111000000000000000000000000000000000
0000000000000000000000000000000000100
1111110000000000000000000000000000100
0000000001000000000000000000000000011
0000001001000000000000000000000110011
0000000001000000000000000000000000011
0000001111000000000000000000000110011
0000000000000000000000000000000000000
0000000000000000000000000000000000000
1111110000000011000000001000000000100
0000000000000000000000000000000000000
0000000000000000000000000000000000000
1111110000000011000000000000000000100
0000000000000000000000000000000000000
1111110000000011000000001000000000100
0000001001111100001111000010000110011
0000000000000000000000000000000000000
0000001111111100111111110110000110011
0000000000000000000000000000000000000
0000000000000000000000000000000000000
0000001111111100111111100010000110011
0000000000000000000000000000000000000
0000001111111100111111110110000110011
1111111111111111111111111110000110111
1111001001111100001111000010000110111
1111111111111111111111111110000110111
1111111111111111111111110010000110111
1111111110111111111111111100000100011
1111111111111111111111111110000110111
1111111111111111111111111100000110111
1111111111111111111111111110000110111
1111110100111111111100011100000000100
1111111111111111111111111100000110011
1111111110111111111110111100000100111
1111111111111111111111111110000110111
0000000000111111111111111110000000000
1111111111111111111111111110000110111
1111111111111111111111111110000110111
1111111111111111111111111110000110111
0000001111111111111111111100000010011
0000000000000000000000000000000100011
0000001111111111111111111100000010011
0000000000000000000000000000000100011
1111111111111111111111111100000110111
0000000000000000000000000000000000000
0000000100000000000000000000000000000
0000000000000000000000000000000000000
1111111111111111111111111100000110111
1111111111111111111111111100000110111
1111111111111111111111111100000110111
1111111111111111111111111100000110111
1111111111111111111111111110000110111
1111111111111111111111111110000110111
1111111111111111111111111110000110111
1111111111111111111111111110000110111
0000000000000000000000000001111000000
0000000000000000000000000001111000000
0000000000000000000000000001111000000
0000000000000000000000000001111000000
0000000000000000000000000001111000000
0000000000000000000000000001111000000
0000000000000000000000000001111000000
0000000000000000000000000001111000000
0000000000000000000000000001111000000
0000000000000000000000000001111000000
0000000000000000000000000001111000000
0000000000000000000000000001111000000
1111111111111111111111111110000110111
0000000000000000000000000000000000000
0000000000000000000000000000000000000
0000000000000000000000000000000000000
0000001111111111111111111110101110011
1111111111111111111111111110000110111
1111111111111111111111111100000110111
0000000000000000000000000000000000000
0000000000000000000000000000000000000
0000000000000000000000000010000000111
1111111111111111111111111100000110111
0000000000000000000000000000000010011
1111110000000000000000000000000000100
0000001111000000000000000000000110011
0000001111111100111111110110000110011
0000001111001100000011100000000110011
1111111111111111111111111100000110011
0000000000000000000000000000000000000
1111110000000000000000000000000000000
1111111111111111111111111100000110111
0000000000000000000000000000000000000
0000000000000000000000000001111000000
0000000000000000000000000000000001000
1111111111111111111111111111111111111
1111111111111111111111111111111111111
1111110000111111111111111111010001100
1111110000111111111111111111010001100
0000000000000000000000000000000000000
0000001111111111111111111110101110011
0000001111111111111111111110101110011
0000001111111111111111111110101110011
0000001111111111111111111110101110011
0000001111111111111111111110101110011
0000000000000000000000000000000000000
1111111111111111111111111111111110111
1111111111111111111111111110000110111
1111111111111111111111111110000110111
1111111111111111111111111110000110111
1111111111111111111111111110000110111
1111111111111111111111111110000110111
1111111111111111111111111110000110111
1111111111111111111111111110000110111
1111111111111111111111111110000110111
1111111111111111111111111110000110111
0000000000000000000000000000000000000
1111111111111111111111111110000110111
1111111111111111111111111110000110111
0000000001001100001101000010000000111
1111111111111111111111111110000110111
1111111111111111111111111110000110111
1111111111111111111111111110000110111
1111111111111111111111111110000110111
1111111111111111111111111110000110111
1111110000111111111111111110000000100
0000001111111111111111111110000110011
0000001111111111111111111110000110011
0000001111111111111111111100000010011
0000000000000000000000000010000000111
1111111111111111111111111110000110111
0000000000000000000000000010000000111
1111111111111111111111111110000110111
0000000000000000000000000000000001000
0000001111000000000000000001111110011
1111110000000000000000000001111000100
1111111111001100000011100000000110111
0000000000000000000000000000000001000
0000000000000000000000000000000001000
0000000000000000000000000000000001000
1111111111111111111111111111111111111
1111111111111111111111111111111111111
1111111111111111111111111111111111111
0000001111000000000000000001111110011
1111111111111111111111111111111111111
1111110000111111111111111111010001100
1111111111111111111111111111111111111
1111110000111111111111111110000000100
1111111111111111111111111111111110111
1111111111111111111111111111111110111
1111110000000000000000000001111000100
1111111111111111111111111111111110111
0000001111111111111111111110101110011
0000001111111111111111111110101110011
0000001111111111111111111110101100000
0000000000000000000000000000000010011
1111111111111111111111111111111110111
0000001111111111111111111110000110011
1111111111111111111111111111111110111
1111111111111111111111111110000110111
1111111111111111111111111110000110111
1111111111111111111111111110000110111
1111111111111111111111111110000110111
1111111111111111111111111110000110111
1111111111111111111111111110000110111
1111111111111111111111111110000110111
0000001111111111111111111110000110011
1111110000000000000000000000000000100
1111111111111111111111111110000110111
1111111111111111111111111110000110111
1111110000111111111111111110000000100
0000001111000000000000000000000110011
1111111111111111111111111110000110111
1111110000000011000000001000000000100
0000001111111100111111110110000110011
0000000001001100001101000010000000111
0000000001001100001101000010000000111
1111111111111111111111111110000111111
1111111111111111111111111111111111111
1111111111111111111111111110000110111
1111111111111111111111111110000110111
1111111111111111111111111110000110111
1111111111111111111111111110000110111
1111110000111111111111111110000000100
1111110000111111111111111110000000100
1111110000111111111111111110000000100
0000001111001100000011100000000110011
1111111111111111111111111100000110011
0000001111111111111111111100000110011
0000001111111111111111111110000110011
0000001111111111111111111100000110011
0000001111111111111111111100000010011
0000001111111111111111111100000010011
1111110000000000000000000000000000000
1111111111111111111111111110000110111
1111111111111111111111111110000110111
1111111111111111111111111110000110111
0000000000000000000000000010000000111
1111111111111111111111111111111111111
0000000000000000000000000010000000111
0000000000000000000000000010000000111
1111111111111111111111111110000110111
1111111111111111111111111110000110111
1111111111111111111111111110000110111
1111111111111111111111111110000110111
1111111111111111111111111100000110111
1111111111111111111111111110000110111
1111111111111111111111111110000110111
0000000000000000000000000001111000000
1111111111111111111111111111111110111
