00000111
11111111
11111000
11100000
00011111
01100110
01100110
01100110
01100110
11100111
00000000
00000000
11100111
00000000
00000000
01100110
00000000
01100110
10000001
00000000
00011000
00000000
00011000
00011000
00000111
00011000
11100111
11100111
01100110
00011000
10000001
00011000
11111111
11111111
11010011
11100111
11100111
11100111
01100110
01100110
01100110
00011000
00011000
00011000
11111111
11111111
11100111
11100111
11100111
11100111
01100110
01100110
01100110
01000010
10000001
10000001
00011000
00011000
00011000
00010000
