0000110000000000000000000000000000
1111110000000000000000000000000000
1111000000000000000000000000000000
1100000000000000000000000000000000
0011110000000000000000000000000000
0011000000000000000000000000000000
1111110000000000000000000000000000
1111110000000000000000000000000000
0000000000000000000000000000000000
1111110000000000000000000000000000
1100110000000000000000000000000000
0011000000000000000000000000000000
0000000000110000000000000000000000
0000001111110000011000000000000000
0000001111000000011000000000000000
0000001100000000011000000000000000
0000000011110000000000000000000000
0000001111110000011000000000000000
0000000000001111000000000000000000
0000000000000110000000000000000000
0000001011000000011000000000000000
0000001111110000011000000000000000
0000000000000000000000000000000000
0000000000000000000000000000000000
0000000011000000000000000000000000
0000000000001111000000000000000000
0000000000001111000000000000000000
0000000000000110000000000000000000
0000001111111111011000000000000000
0000000000001111100000000000000000
0000000101010110001000000000000000
0000001111111111011000000000000000
0000000000001111000000000000000000
0000000000001111000000000000000000
0000000000000000000000000000000000
0000000000001111000000000000000000
0000000000000110000000000000000000
0000000000001111000000000000000000
0000001111111111011000000000000000
0000000000001111000000000000000000
0000000000001111000000000000000000
0000000000001111000000000000000000
0000000101011111001000000000000000
0000000000000110000000000000000000
0000000000000110000000000000000000
0000000000000110000000000000000000
0000001111111111011000000000000000
0000001100110000011000000000000000
0000000011000000000000000000000000
0000001111110000011000000000000000
0000001111110000011000000000000000
0000000000000000000000000000000000
0000000000000000000000000000000000
0000000000000000000000000000000000
0000000000000000000000000000000000
0000000000000000000011100000000000
0000000000000000000000000000000000
0000000000000000000011100000000000
0000000000000000000011100000000000
0000000000000000000000000000000000
0000000000000000000011100000000000
0000000000000000000000000000000000
0000000000000000000011100000000000
0000000000000000000000000000000000
0000000000000000000000000000000000
0000000000000000000000000000000000
0000000000000000000011100000000000
0000000000000000000011100000000000
0000000000000000000001100000000000
0000000000000000000111100000000000
0000000000000000000000000000000000
0000000000000000000000000000000000
0000000000000000000011100000000000
0000000000000000000011100000000000
0000000000000000000011100000000000
0000000000000000000001100000000000
0000000000000000000011100000000000
0000000000000000000000100000000000
0000000000000000000000100000000000
0000000000000000000000000000000000
0000000000000000000111100000000000
0000000000000000000111100000000000
0000000000000000000100000000000000
0000000000000000000000000000000000
0000000000000000000100000000000000
0000000000000000000011100000000000
0000000000000000000011100000000000
0000000000000000000011100000000000
0000000000000000000011100000000000
0000000000000000000011100000000000
0000000000000000000011100000000000
0000000000000000000000100000000000
0000000000000000000011100000000000
0000000000000000000000000000000000
0000000000000000000000011100000000
0000000000000000000000011100000000
0000000000000000000000001100000000
0000000000000000000000011100000000
0000000000000000000000001100000000
0000000000000000000000001100000000
0000000000000000000000000100000000
0000000000000000000000000100000000
0000000000000000000000000100000000
0000000000000000000000000100000000
0000000000000000000000000100000000
0000000000000000000000000100000000
0000000000000000000000001100000000
0000000000000000000000001100000000
0000000000000000000000001100000000
0000000000000000000000000100000000
0000000000000000000000001100000000
0000000000000000000000000100000000
0000000000000000000000001100000000
0000000000000000000000001100000000
0000000000000000000000001100000000
0000000000000000000000000100000000
0000000000000000000000001100000000
0000000000000000000000001100000000
0000000000000000000000001100000000
0000000000000000000000010100000000
0000000000000000000000001100000000
0000000000000000000000010100000000
0000000000000000000000000100000000
0000000000000000000000001100000000
0000000000000000000000001100000000
0000000000000000000000001100000000
0000000000000000000000001100000000
0000000000000000000000001100000000
0000000000000000000000000100000000
0000000000000000000000001100000000
0000000000000000000000001100000000
0000000000000000000000001100000000
0000000000000000000000001100000000
0000000000000000000000001100000000
0000000000000000000000001100000000
0000000000000000000000001100000000
0000000000000000000000000100000000
0000000000000000000000001100000000
0000000000000000000000001100000000
0000000000000000000000001100000000
0000000000000000000000001100000000
0000000000000000000000001100000000
0000000000000000000000001100000000
0000000000000000000000001100000000
0000000000000000000000001100000000
0000000000000000000000001100000000
0000000000000000000000001100000000
0000000000000000000000001100000000
0000000000000000000000001100000000
0000000000000000000000001100000000
0000000000000000000000011100000000
0000000000000000000000011100000000
0000000000000000000000001100000000
0000000000000000000000001100000000
0000000000000000000000001100000000
0000000000000000000000001100000000
0000000000000000000000001100000000
0000000000000000000000001100000000
0000000000000000000000011100000000
0000000000000000000000011100000000
0000000000000000000000001100000000
0000000000000000000000001100000000
0000000000000000000000001100000000
0000000000000000000000001100000000
0000000000000000000000001100000000
0000000000000000000000001100000000
0000000000000000000000001100000000
0000000000000000000000001100000000
0000000000000000000000001100000000
0000000000000000000000001100000000
0000000000000000000000001100000000
0000000000000000000000001100000000
0000000000000000000000001100000000
0000000000000000000000001000000000
0000000000000000000000000000000000
0000000000000000000000000000000000
0000000000000000000000001100000000
0000000000000000000000000000000000
0000000000000000000000001100000000
0000000000000000000000000000000000
0000000000000000000000001100000000
0000000000000000000000000000000000
0000000000000000000000011100000000
0000000000000000000000000000000000
0000000000000000000000011100000000
0000000000000000000000001100000000
0000000000000000000000001100000000
0000000000000000000000001100000000
0000000000000000000000001100000000
0000000000000000000000011100000000
0000000000000000000000011100000000
0000000000000000000000011100000000
0000000000000000000000011100000000
0000000000000000000000001100000000
0000000000000000000000001100000000
0000000000000000000000001100000000
0000000000000000000000001100000000
0000000000000000000000001100000000
0000000000000000000000001100000000
0000000000000000000000001100000000
0000000000000000000000001100000000
0000000000000000000000001100000000
0000000000000000000000001100000000
0000000000000000000000001100000000
0000000000000000000000001100000000
0000000000000000000000001100000000
0000000000000000000000001100000000
0000000000000000000000001100000000
0000000000000000000000001100000000
0000000000000000000000000100000000
0000000000000000000000000000000000
0000000000000000000000000100000000
0000000000000000000000000100000000
0000000000000000000000000000000000
0000000000000000000000011100000000
0000000000000000000000011100000000
0000000000000000000000011100000000
0000000000000000000000001100000000
0000000000000000000000011100000000
0000000000000000000000011100000000
0000000000000000000000001100000000
0000000000000000000000001100000000
0000000000000000000000000100000000
0000000000000000000000000000000000
0000000000000000000000001100000000
0000000000000000000000001100000000
0000000000000000000000000000000000
0000000000000000000000001100000000
0000000000000000000000001100000000
0000000000000000000000001100000000
0000000000000000000000000000000000
0000000000000000000000001100000000
0000000000000000000000001100000000
0000000000000000000000011100000000
0000000000000000000000011100000000
0000000000000000000000001100000000
0000000000000000000000011100000000
0000000000000000000000001100000000
0000000000000000000000001100000000
0000000000000000000000001100000000
0000000000000000000000001100000000
0000000000000000000000001100000000
0000000000000000000000001100000000
0000000000000000000000001100000000
0000000000000000000000001100000000
0000000000000000000000000100000000
0000000000000000000000001100000000
0000000000000000000000001100000000
0000000000000000000000001100000000
0000000000000000000000001100000000
0000000000000000000000001100000000
0000000000000000000000001100000000
0000000000000000000000001100000000
0000000000000000000000000000000000
0000000000000000000000000000000000
0000000000000000000000000000000000
0000000000000000000000000000000000
0000000000000000000000000000000000
0000000000000000000000000010111111
0000000000000000000000000010111111
0000000000000000000000000010111111
0000000000000000000000000010111111
0000000000000000000000000000111001
0000000000000000000000000010111111
0000000000000000000000000000011001
0000000000000000000000000010111111
0000000000000000000000000010111111
0000000000000000000000000010111111
0000000000000000000000000010111111
0000000000000000000000000010111111
0000000000000000000000000001111111
0000000000000000000000000011111111
0000000000000000000000000011111111
0000000000000000000000000011111111
0000000000000000000000000000000000
0000000000000000000000000011111111
0000000000000000000000000011111111
0000000000000000000000000001000000
0000000000000000000000000001000000
0000000000000000000000000001000000
0000000000000000000000000001000000
0000000000000000000000000001000000
0000000000000000000000000010111101
0000000000000000000000000000000010
0000000000000000000000000000000010
0000000000000000000000000000000000
0000000000000000000000000000000000
0000000000000000000000000000000000
0000000000000000000000000000000000
0000000000000000000000000010111101
0000000000000000000000000010111111
0000000000000000000000000010111101
0000000000000000000000000010111111
0000000000000000000000000010111111
0000000000000000000000000000111101
0000000000000000000000000000111101
0000000000000000000000000000000000
0000000000000000000000000010111111
0000000000000000000000000000111101
0000000000000000000000000000111101
0000000000000000000000000000111101
0000000000000000000000000000111101
0000000000000000000000000000111101
0000000000000000000000000000111101
0000000000000000000000000000111101
0000000000000000000000000000111101
0000000000000000000000000000111101
0000000000000000000000000000000000
0000000000000000000000000000111101
0000000000000000000000000000111101
0000000000000000000000000000111101
0000000000000000000000000000111101
0000000000000000000000000000111101
0000000000000000000000000000111101
0000000000000000000000000000111101
0000000000000000000000000000111101
0000000000000000000000000000111101
0000000000000000000000000000111101
0000000000000000000000000000000000
0000000000000000000000000000111101
0000000000000000000000000000111101
0000000000000000000000000000111101
0000000000000000000000000000111101
0000000000000000000000000000111101
0000000000000000000000000000111101
0000000000000000000000000000111101
0000000000000000000000000010111101
0000000000000000000000000000111101
0000000000000000000000000000111101
0000000000000000000000000000000000
0000000000000000000000000010100100
0000000000000000000000000000010100
0000000000000000000000000000100100
0000000000000000000000000010111101
0000000000000000000000000000111101
0000000000000000000000000010111101
0000000000000000000000000010111101
0000000000000000000000000010111101
0000000000000000000000000010111111
0000000000000000000000000010111111
0000000000000000000000000000000000
0000000000000000000000000010111111
0000000000000000000000000010111111
0000000000000000000000000010111111
0000000000000000000000000000000000
0000000000000000000000000000000000
0000000000000000000000000000000000
0000000000000000000000000000110000
0000000000000000000000000000110000
0000000000000000000000000000110000
0000000000000000000000000000110000
0000000000000000000000000000110000
0000000000000000000000000000110000
0000000000000000000000000000110000
0000000000000000000000000000110000
0000000000000000000000000000110000
0000000000000000000000000000110000
0000000000000000000000000000110000
0000000000000000000000000000110000
0000000000000000000000000000111101
0000000000000000000000000000111101
0000000000000000000000000011111101
0000000000000000000000000011111111
0000000000000000000000000011111111
0000000000000000000000000011111111
0000000000000000000000000011111111
0000000000000000000000000011111111
0000000000000000000000000011111111
0000000000000000000000000000011001
0000000000000000000000000000011001
0000000000000000000000000000111001
0000000000000000000000000000011001
0000000000000000000000000000011001
0000000000000000000000000000011001
0000000000000000000000000000011001
0000000000000000000000000000011001
0000000000000000000000000000011001
0000000000000000000000000001000000
0000000000000000000000000000000000
0000000000000000000000000000000000
0000000000000000000000000000000000
0000000000000000000000000000000000
0000000000000000000000000001000010
0000000000000000000000000010111101
0000000000000000000000000000000000
0000000000000000000000000000000000
0000000000000000000000000000110000
0000000000000000000000000000000000
0000000000000000000000000010111111
0000000000000000000000000011111111
0000000000000000000000000010111111
0000000000000000000000000010111111
0000000000000000000000000010111111
0000000000000000000000000000111101
0000000000000000000000000000011001
0000000000000000000000000000111101
0000000000000000000000000000000000
0000000000000000000000000000111001
0000000000000000000000000000011001
0000000000000000000000000000111101
0000000000000000000000000000011001
0000000000000000000000000000111101
0000000000000000000000000000000000
0000000000000000000000000000111001
0000000000000000000000000000011001
0000000000000000000000000000111101
0000000000000000000000000000011001
0000000000000000000000000000111101
0000000000000000000000000000000000
0000000000000000000000000000111001
0000000000000000000000000000011001
0000000000000000000000000000111101
0000000000000000000000000000011001
0000000000000000000000000000111101
0000000000000000000000000000000000
0000000000000000000000000000111001
0000000000000000000000000000011001
0000000000000000000000000000000010
0000000000000000000000000000000000
0000000000000000000000000010111101
0000000000000000000000000000000000
0000000000000000000000000000110000
0000000000000000000000000000000000
0000000000000000000000000010011011
0000000000000000000000000010111101
0000000000000000000000000000011001
0000000000000000000000000000110000
0000000000000000000000000000110000
0000000000000000000000000000110000
0000000000000000000000000000110000
0000000000000000000000000000110000
0000000000000000000000000000110000
0000000000000000000000000000110000
0000000000000000000000000000110000
0000000000000000000000000000000000
0000000000000000000000000000111101
0000000000000000000000000000111101
0000000000000000000000000000111101
0000000000000000000000000000111101
0000000000000000000000000000111101
0000000000000000000000000000111101
0000000000000000000000000000111101
0000000000000000000000000000111101
0000000000000000000000000000111101
0000000000000000000000000000111101
0000000000000000000000000000111101
0000000000000000000000000000111101
0000000000000000000000000000111101
0000000000000000000000000000111101
0000000000000000000000000000111101
0000000000000000000000000000111101
0000000000000000000000000000111101
0000000000000000000000000000111101
0000000000000000000000000000111001
0000000000000000000000000000111101
0000000000000000000000000000111101
0000000000000000000000000000111101
0000000000000000000000000000111101
0000000000000000000000000010111111
0000000000000000000000000010111111
0000000000000000000000000000111101
0000000000000000000000000000011001
0000000000000000000000000000111101
0000000000000000000000000000111101
0000000000000000000000000000111101
0000000000000000000000000000111101
0000000000000000000000000000111101
0000000000000000000000000000111101
0000000000000000000000000000111101
0000000000000000000000000000111101
0000000000000000000000000000111101
0000000000000000000000000000111101
0000000000000000000000000000111101
0000000000000000000000000000111101
0000000000000000000000000000111101
0000000000000000000000000000111101
0000000000000000000000000000111101
0000000000000000000000000000111101
0000000000000000000000000010111111
0000000000000000000000000010111111
0000000000000000000000000010111111
0000000000000000000000000010111111
0000000000000000000000000000111101
0000000000000000000000000000111101
0000000000000000000000000000111101
0000000000000000000000000000111101
0000000000000000000000000010111111
0000000000000000000000000000000000
0000000000000000000000000000110000
0000000000000000000000000000110000
0000000000000000000000000000110000
0000000000000000000000000000110000
0000000000000000000000000000110000
0000000000000000000000000000110000
0000000000000000000000000000110000
0000000000000000000000000000110000
0000000000000000000000000000110000
0000000000000000000000000000110000
0000000000000000000000000000000000
0000000000000000000000000011111111
0000000000000000000000000000000000
0000000000000000000000000011111111
0000000000000000000000000011111111
0000000000000000000000000000000000
0000000000000000000000000011111111
0000000000000000000000000011111111
0000000000000000000000000011111111
0000000000000000000000000000000000
0000000000000000000000000001111101
0000000000000000000000000000000000
0000000000000000000000000001111101
0000000000000000000000000000000000
0000000000000000000000000001111101
0000000000000000000000000000011001
0000000000000000000000000000011001
0000000000000000000000000000000000
0000000000000000000000000000000000
0000000000000000000000000000011001
0000000000000000000000000001000000
0000000000000000000000000011111111
0000000000000000000000000000000000
0000000000000000000000000010111111
0000000000000000000000000011111111
0000000000000000000000000000000000
0000000000000000000000000010111111
0000000000000000000000000010111111
0000000000000000000000000010111111
0000000000000000000000000000000000
0000000000000000000000000000111101
0000000000000000000000000000111101
0000000000000000000000000000111111
0000000000000000000000000000111101
0000000000000000000000000000111101
0000000000000000000000000000111101
0000000000000000000000000000111101
0000000000000000000000000000000000
0000000000000000000000000000111101
0000000000000000000000000000111101
0000000000000000000000000000111101
0000000000000000000000000000000000
0000000000000000000000000000111101
0000000000000000000000000000111101
0000000000000000000000000000000000
0000000000000000000000000010111101
0000000000000000000000000000000000
0000000000000000000000000010111101
0000000000000000000000000010000000
0000000000000000000000000000111101
0000000000000000000000000011001111
0000000000000000000000000000000000
0000000000000000000000000000000010
0000000000000000000000000000000000
0000000000000000000000000000000000
0000000000000000000000000000000000
0000000000000000000000000001000000
0000000000000000000000000000000000
0000000000000000000000000000110000
0000000000000000000000000000110000
0000000000000000000000000000001101
0000000000000000000000000010111111
0000000000000000000000000000001101
0000000000000000000000000000000000
0000000000000000000000000000000000
0000000000000000000000000010111101
0000000000000000000000000000000000
0000000000000000000000000000000000
0000000000000000000000000010111101
0000000000000000000000000000000000
0000000000000000000000000010111101
0000000000000000000000000000000000
0000000000000000000000000010111101
0000000000000000000000000011000010
0000000000000000000000000000000000
0000000000000000000000000010111111
0000000000000000000000000010111101
0000000000000000000000000010111101
0000000000000000000000000000000000
0000000000000000000000000000000000
0000000000000000000000000010111101
0000000000000000000000000000000000
0000000000000000000000000010000000
0000000000000000000000000010000000
0000000000000000000000000000000000
0000000000000000000000000000000000
0000000000000000000000000000000000
0000000000000000000000000010000000
0000000000000000000000000000000000
0000000000000000000000000000000000
0000000000000000000000000000000000
0000000000000000000000000000111101
0000000000000000000000000000000000
0000000000000000000000000000000000
0000000000000000000000000000000000
0000000000000000000000000000000000
0000000000000000000000000000000000
0000000000000000000000000000000000
0000000000000000000000000000000000
0000000000000000000000000000000000
0000000000000000000000000000000000
0000000000000000000000000000000000
0000000000000000000000000000000000
0000000000000000000000000000000000
0000000000000000000000000000000000
0000000000000000000000000000000000
0000000000000000000000000000000000
0000000000000000000000000000000000
0000000000000000000000000000000000
0000000000000000000000000000000000
0000000000000000000000000000110000
0000000000000000000000000000000000
0000000000000000000000000000000000
0000000000000000000000000000000000
0000000000000000000000000000000000
0000000000000000000000000000000000
0000000000000000000000000011111111
0000000000000000000000000000000000
0000000000000000000000000000000000
0000000000000000000000000000000000
0000000000000000000000000000000000
0000000000000000000000000000000000
0000000000000000000000000011111111
0000000000000000000000000000000000
0000000000000000000000000000000000
0000000000000000000000000000000000
0000000000000000000000000000000000
0000000000000000000000000000000000
0000000000000000000000000000000000
0000000000000000000000000000111101
0000000000000000000000000000000000
0000000000000000000000000000000000
0000000000000000000000000011111111
0000000000000000000000000000000000
0000000000000000000000000000000000
0000000000000000000000000000000000
0000000000000000000000000000000000
0000000000000000000000000000000000
0000000000000000000000000011111111
0000000000000000000000000000111101
0000000000000000000000000000000000
0000000000000000000000000000000000
0000000000000000000000000000000000
0000000000000000000000000000000000
0000000000000000000000000000000000
0000000000000000000000000000000000
0000000000000000000000000000000000
0000000000000000000000000011111111
0000000000000000000000000000000000
0000000000000000000000000000000000
0000000000000000000000000010111111
0000000000000000000000000000000000
0000000000000000000000000000000000
0000000000000000000000000010111111
0000000000000000000000000000000000
0000000000000000000000000010111111
0000000000000000000000000000000000
0000000000000000000000000010111111
0000000000000000000000000001000000
0000000000000000000000000000000000
0000000000000000000000000000000000
0000000000000000000000000000000000
0000000000000000000000000000000000
0000000000000000000000000000000000
0000000000000000000000000000000000
0000000000000000000000000000111101
0000000000000000000000000000000000
0000000000000000000000000000000000
0000000000000000000000000010111111
0000000000000000000000000000000000
0000000000000000000000000000000000
0000000000000000000000000000000000
0000000000000000000000000000000000
0000000000000000000000000000000000
0000000000000000000000000010111111
0000000000000000000000000000111101
0000000000000000000000000000000000
0000000000000000000000000000000000
0000000000000000000000000000000000
0000000000000000000000000000000000
0000000000000000000000000000000000
0000000000000000000000000000000000
0000000000000000000000000000000000
0000000000000000000000000000000000
0000000000000000000000000000000000
0000000000000000000000000000000000
0000000000000000000000000000000000
0000000000000000000000000000111101
0000000000000000000000000000100001
0000000000000000000000000000111101
0000000000000000000000000000100001
0000000000000000000000000000000000
0000000000000000000000000000000000
0000000000000000000000000000000000
0000000000000000000000000000000000
0000000000000000000000000000000000
0000000000000000000000000000000000
0000000000000000000000000000000000
0000000000000000000000000000000000
0000000000000000000000000000100100
0000000000000000000000000000000000
0000000000000000000000000000000000
0000000000000000000000000000000000
0000000000000000000000000000111101
0000000000000000000000000000000000
0000000000000000000000000010111111
0000000000000000000000000000000000
0000000000000000000000000000111101
0000000000000000000000000010111111
0000000000000000000000000010111111
0000000000000000000000000010111111
0000000000000000000000000001000010
0000000000000000000000000001000000
0000000000000000000000000001000000
0000000000000000000000000001000000
0000000000000000000000000000111101
0000000000000000000000000010111111
0000000000000000000000000000111101
0000000000000000000000000010111111
0000000000000000000000000000000000
0000000000000000000000000000000000
0000000000000000000000000000000000
0000000000000000000000000000000000
0000000000000000000000000000000000
0000000000000000000000000000000000
0000000000000000000000000000111101
0000000000000000000000000000110000
0000000000000000000000000000000000
0000000000000000000000000000000000
0000000000000000000000000000000000
0000000000000000000000000000000000
0000000000000000000000000000000000
0000000000000000000000000000000000
0000000000000000000000000000000000
0000000000000000000000000000001000
0000000000000000000000000010111111
0000000000000000000000000000000000
0000000000000000000000000000000000
0000000000000000000000000010000000
0000000000000000000000000000000000
0000000000000000000000000000001000
0000000000000000000000000000011001
0000000000000000000000000000000000
0000000000000000000000000000000000
0000000000000000000000000000000000
0000000000000000000000000000011001
0000000000000000000000000000111111
0000000000000000000000000011001111
0000000000000000000000000000000010
0000000000000000000000000000000000
0000000000000000000000000001000000
0000000000000000000000000011111111
0000000000000000000000000000110000
0000000000000000000000000000110000
0000000000000000000000000000000000
0000000000000000000000000001111101
0000000000000000000000000000000000
0000000000000000000000000011111111
0000000000000000000000000001111101
0000000000000000000000000001111101
0000000000000000000000000011111111
0000000000000000000000000011111111
0000000000000000000000000010111111
0000000000000000000000000000000000
0000000000000000000000000011111111
0000000000000000000000000010111111
0000000000000000000000000000100100
0000000000000000000000000011111111
0000000000000000000000000011111111
0000000000000000000000000000001000
0000000000000000000000000000111101
0000000000000000000000000000111101
0000000000000000000000000000111101
0000000000000000000000000000000000
0000000000000000000000000010111111
0000000000000000000000000010111111
0000000000000000000000000010111111
0000000000000000000000000010111111
0000000000000000000000000010111111
0000000000000000000000000010111111
0000000000000000000000000010000000
0000000000000000000000000010111101
0000000000000000000000000010111101
0000000000000000000000000000000000
0000000000000000000000000010000000
0000000000000000000000000010000000
0000000000000000000000000010000000
0000000000000000000000000010000000
0000000000000000000000000000000000
0000000000000000000000000000000000
0000000000000000000000000011111111
0000000000000000000000000000001101
0000000000000000000000000011000010
0000000000000000000000000000000010
0000000000000000000000000000000000
0000000000000000000000000001000000
0000000000000000000000000010000000
0000000000000000000000000010000000
0000000000000000000000000010000000
0000000000000000000000000001000000
0000000000000000000000000000000000
0000000000000000000000000000000000
0000000000000000000000000000000000
0000000000000000000000000001000000
0000000000000000000000000000000000
0000000000000000000000000010000000
0000000000000000000000000000000000
0000000000000000000000000000000000
0000000000000000000000000000000010
0000000000000000000000000000000010
0000000000000000000000000000000010
0000000000000000000000000000000000
0000000000000000000000000000000000
0000000000000000000000000000000000
0000000000000000000000000001000000
0000000000000000000000000001000000
0000000000000000000000000001000000
0000000000000000000000000010000000
0000000000000000000000000011111111
0000000000000000000000000011111111
0000000000000000000000000011111111
0000000000000000000000000011111111
0000000000000000000000000011111111
0000000000000000000000000000001101
0000000000000000000000000000000000
0000000000000000000000000000110000
0000000000000000000000000000110000
0000000000000000000000000000110000
0000000000000000000000000000110000
0000000000000000000000000011111111
0000000000000000000000000000110000
0000000000000000000000000000110000
0000000000000000000000000000110000
0000000000000000000000000000111101
0000000000000000000000000001111101
0000000000000000000000000001111101
0000000000000000000000000001111101
0000000000000000000000000001111101
0000000000000000000000000011111111
0000000000000000000000000000000000
0000000000000000000000000000000000
0000000000000000000000000000000000
0000000000000000000000000001111101
0000000000000000000000000010111111
0000000000000000000000000010111111
0000000000000000000000000011111111
0000000000000000000000000000000000
0000000000000000000000000000000000
0000000000000000000000000010111111
0000000000000000000000000001000000
0000000000000000000000000001111101
0000000000000000000000000001111101
0000000000000000000000000011111111
0000000000000000000000000001001000
0000000000000000000000000001000000
0000000000000000000000000000000000
0000000000000000000000000000111101
0000000000000000000000000010111111
0000000000000000000000000010111111
0000000000000000000000000000111101
0000000000000000000000000000111101
0000000000000000000000000000111101
0000000000000000000000000010111111
0000000000000000000000000000000000
0000000000000000000000000010111111
0000000000000000000000000010111111
0000000000000000000000000010111111
0000000000000000000000000010111111
0000000000000000000000000010111101
0000000000000000000000000010111101
0000000000000000000000000010111101
0000000000000000000000000010111101
0000000000000000000000000000111101
0000000000000000000000000000111101
0000000000000000000000000000000000
0000000000000000000000000010000000
0000000000000000000000000010000000
0000000000000000000000000010000000
0000000000000000000000000010000000
0000000000000000000000000010000000
0000000000000000000000000010000000
0000000000000000000000000010000000
0000000000000000000000000010000000
0000000000000000000000000010000000
0000000000000000000000000000000000
0000000000000000000000000000000000
0000000000000000000000000000111101
0000000000000000000000000000000000
0000000000000000000000000000000000
0000000000000000000000000000000000
0000000000000000000000000000000000
0000000000000000000000000000000000
