1111111111000000100
1111111111111111111
0000000000111111011
1111111111111111111
0000000000000000000
0100000000000000000
1111111111000000100
0000000000000000000
1011111111000000100
1111111111000000100
0010000000000000000
1011111111000000100
0000000000000000000
1001111111000000100
1011111111000000100
0001000000000000000
1001111111000000100
0000000000000000000
1000111111000000100
1001111111000000100
0000000000111000010
0000110100111111111
0000110100000111101
0000110100111111111
0000000000000000000
0000000000000111001
0000110100111111111
0000110100111000110
0000110100111111111
0000000000000000000
0000000000000000000
0000000000000000000
0000000000000000000
0000000000000000000
0000000000000000000
0000000000000000000
0000000000000000000
0000000000000000000
0000000000000000000
0000000000000000000
0000000000000000000
0000000000000000000
0000000000000000000
0000000000000000000
0000000000000000000
0000000000111000010
0000000000000000000
0000000000000000000
0000000000000000000
0000000000000000000
0000000000000000000
0000000000000000000
0000000000000000000
0000000000000000000
0000001100000000000
0000000000111111011
1111111111000000100
0000000000111111011
1111111111000000100
0100000000000000000
0100000000000000000
0100000000000000000
1011111111000000100
0010000000000000000
0010000000000000000
0010000000000000000
1001111111000000100
0001000000000000000
0001000000000000000
0001000000000000000
0000000000001000000
0000110100000111101
0000000000111000010
0000110100000111101
0000000000000111001
0000110100111000110
0000000000000111001
0000110100111000110
0000000000000000000
0000000011000000000
0000000000000000100
0000100100000000100
0000000000000000010
0000000000101000010
0000000000000110001
0000000000000000000
0000000000000000000
0000000000000000000
0000000000000000000
0000000000000000000
0000000000000000000
0000000000000000000
0000000000000000000
0000000000000000000
0000000000000000000
0000000000000000000
0000000000000000000
0000000000000000000
0000000000000000000
0111000011000000000
0111000011000000000
1000001000000000000
0000000000000001000
1000111100000000100
1000111100111000110
1000111100111111111
1111111111111111111
0000000000000000000
0000000000000000000
1111001011000011000
0100000000000000000
0010000000000000000
0001000000000000000
0000000011000000000
0000000000000000000
0000000000000000000
0111000000000000000
1111111101000000100
0000000000000000000
0011000000000000000
1011111101000000100
0001000000000000000
1001111101000000100
1000111101000000100
0000010000000000000
0000000000000000000
0000000000000011000
0000000000111000010
0000000000010000000
0000000000000011000
0000000000000111001
0000000000000000000
0000010000000000000
0000000000010000000
0000000000000000000
0111000011000000000
0100000000000000000
0010000000000000000
0001000000000000000
0000000011000000000
0111000011000000000
0100000000000000000
0100000000000000000
0010000000000000000
0010000000000000000
0001000000000000000
0001000000000000000
0100000000000000000
0010000000000000000
0001000000000000000
0000000011000000000
1000001000000000000
0000000000000001000
0111000011000000000
0000000000000000000
0111000011000000000
0111000011000000000
1000001000000000000
1000001000000000000
1000001000000000000
0000000000000001000
0000000000000001000
0000000000000001000
1000111100111111111
1111111111000000100
1111111111000000100
0100000000000000000
0100000000000000000
0100000000000000000
0010000000000000000
0010000000000000000
0010000000000000000
0001000000000000000
0001000000000000000
0001000000000000000
0000000011000000000
0000000011000000000
0000000011000000000
1111111111000000100
0111000011000000000
0111000011000000000
0111000011000000000
1111111111000000100
0100000000000000000
0100000000000000000
0010000000000000000
0010000000000000000
0001000000000000000
0001000000000000000
1000111111000000100
0000010000000000000
0000000000000000000
0000010000000000000
0000010000000000000
0000010000000000000
0000000000111000010
0000000000111000010
0000000000111000010
0000000000010000000
0000000000000000000
0000000000010000000
0000000000010000000
0000000000010000000
0000000000000111001
0000000000000111001
0000000000000111001
0000000000000011100
0000000000000000000
0000000000000000000
0000000000000000000
0000000000000000000
0000000000000000000
0000110100111100111
